622600
131082
131081
622621
622623
622622
131102
131100
131101
360481
442400
360482
442401
622625
622624
622627
622626
622629
622628
622630
131122
360501
442422
131123
360500
442423
131121
360502
442421
131126
131127
131124
131125
131128
442426
442427
442424
442425
360521
360523
622701
622700
131182
213101
131181
213100
213123
442502
213122
213121
442500
442501
213127
213126
213125
213124
622721
213130
213129
622723
213128
622722
622725
622724
622727
622726
442526
442527
442524
442525
360601
442522
360600
442523
360602
442521
442530
442531
442528
442529
360621
360622
622801
622800
622825
622824
622827
622826
360681
622821
442600
622823
622822
360701
442622
360700
442623
360703
360702
442621
442630
442631
442628
442629
442626
442627
442624
442625
442632
442633
114958
360725
360724
360727
360726
360721
360723
360722
360733
360732
360735
360734
360729
360728
360731
360730
622901
622900
622921
622923
622922
622925
622924
622927
622926
360781
442702
442703
442700
360782
442701
442726
442727
442724
442725
360801
442722
360800
442723
360803
360802
442721
442732
442730
442731
442728
442729
360821
360823
360822
360829
360828
622963
360830
360825
360824
360827
360826
623001
623000
410000
623021
623023
623022
360881
442800
442801
623025
623024
623027
623026
360901
442822
360900
442823
360902
442821
442830
442828
442829
442826
442827
442824
442825
360925
360924
360926
360921
360923
360922
410102
410103
410100
410101
623100
410111
410108
410106
410107
410104
410105
410112
410126
410124
410125
410122
410123
410120
410121
360981
442902
360983
442900
360982
442901
623121
623122
442926
442927
442924
442925
361001
442922
361000
442923
361002
442921
442930
442931
442928
442929
361021
361023
361022
361029
410182
361028
410183
361030
410181
361025
361024
361027
361026
410184
410185
410204
410205
410202
410203
410200
410201
410212
410211
410222
623201
410223
623200
410221
230000
410224
410225
623223
361101
361100
361103
361102
361125
361124
361127
361126
361121
361123
361122
361129
361128
361130
410302
410303
410300
410301
410311
410306
410307
410304
410305
410326
410327
410324
410325
230103
410322
230102
410323
230101
230100
410321
230107
361181
230106
230105
230104
230111
230110
230109
410328
230108
410329
230113
230112
230119
230123
230122
230121
230127
230126
230125
230124
230129
230128
410381
410404
230183
410402
230182
410403
230181
410400
410401
410412
230184
820000
410411
410422
410423
410421
230203
230202
230201
230200
230207
410426
230206
230205
410424
230204
410425
230208
230223
230222
230221
230227
230226
230225
230224
230231
230230
230229
230228
410482
410481
410502
410503
410500
410501
410511
230281
410506
410504
410505
410526
410527
410524
410525
230303
410522
230302
410523
230301
230300
410521
230307
230306
230305
230304
230322
230321
410581
410602
230382
410603
230381
410600
410601
410611
410622
410621
230403
230402
230401
230400
230407
230406
132100
230405
132101
230404
640000
230422
230421
132122
132123
132121
132126
132127
132124
132125
132130
132131
132128
132129
132134
132135
132132
132133
410702
410703
410700
410701
410711
410704
410726
640105
410727
640104
410724
410725
640106
230503
410722
230502
410723
230501
640111
230500
410721
132202
230506
132200
230505
132201
230504
640101
640100
410728
640103
640102
640121
640120
640122
230523
230522
230521
132222
132223
132221
230524
132226
132227
132224
132225
132230
214151
132231
132228
132229
132234
132235
132232
132233
132236
132237
410782
410781
410804
410802
410803
410800
410801
640181
410811
410822
640201
410823
640200
640203
410821
640202
640205
640204
230603
230602
230601
230600
132302
410826
132303
230606
410827
132300
230605
410824
132301
230604
410825
132304
640221
640220
640223
640222
640211
230623
230622
230621
132322
460007
132323
460006
460005
132321
230624
460004
132326
460003
132327
460002
132324
460001
132325
460000
132330
132331
132328
132329
132334
132335
132332
132333
460023
460022
132336
460021
132337
460031
460030
460029
460028
460027
460026
460025
460024
460039
460038
460037
460036
410882
460035
410883
460034
460033
410881
460032
345355
410902
410900
410901
410911
640301
640300
640303
640302
329005
410926
329004
410927
329007
410924
329006
410925
230703
329001
410922
230702
329000
410923
230701
329003
230700
329002
410921
132402
230707
132403
230706
132400
230705
132401
230704
230711
329009
230710
329008
132404
230709
329011
410928
230708
329010
230715
230714
230713
230712
640309
230716
460103
230722
460102
230721
460101
230720
460100
132422
132423
132421
132426
640321
132427
132424
640323
132425
460108
640322
132430
460107
132431
460106
640324
132428
460105
132429
460104
132434
132435
132432
132433
132438
132439
132436
132437
132442
132440
132441
640381
640382
411002
230781
411000
411001
411022
411023
411021
230803
230802
230801
132496
230800
132500
230805
411024
132501
230804
411025
230811
640401
640400
640402
542100
640425
230819
542121
640424
542122
542123
230823
542124
230822
542125
230821
542126
542127
132522
230827
132523
230826
230825
460205
132521
230824
460204
132526
230831
460203
640421
132527
230830
460202
132524
230829
460201
640423
132525
230828
460200
640422
132530
542136
132531
230834
542137
132528
230833
132529
230832
132532
132533
542128
542129
542130
542131
542132
542133
542134
542135
411082
820672
411081
411102
411103
411100
411101
230882
230881
411104
542200
230903
411122
230902
411123
230901
230900
411121
132600
132601
230904
640501
640500
640502
640521
640522
542221
542222
542223
149000
230921
149001
460300
132622
132623
132621
132626
542232
132627
542233
132624
132625
132628
132629
542224
542225
542226
542227
542228
542229
542230
542231
460323
460322
460321
460337
263738
411202
411200
411201
411222
411223
411221
542300
411219
542301
231003
231002
231001
231000
132700
231005
411224
132701
231004
231011
231019
231023
231022
231021
231020
132722
231027
362101
542328
132723
231026
362100
542329
231025
542330
362103
132721
231024
362102
542331
132726
542332
132727
542333
132724
542334
132725
542335
132730
132731
542321
132728
542322
132729
542323
542324
542325
132732
542326
542327
362125
542336
362124
542337
362127
542338
362126
362121
362123
362122
362133
362132
362135
362134
362129
411282
362128
362131
362130
411281
362137
362136
362138
411302
411303
411300
411301
231083
231082
231081
231085
231084
411326
411327
411324
411325
411322
231102
411323
231101
231100
411321
132800
132801
411330
411328
411329
542400
231123
542424
231122
542425
231121
542426
542427
132822
542428
132823
542429
542430
132821
231124
542431
132826
132827
362204
132824
132825
362201
362200
542421
132828
362203
542422
132829
362202
542423
362221
362223
362222
362229
362228
362231
362230
411381
362225
362224
362227
362226
362233
362232
362234
411402
231182
411403
231181
411400
411401
411422
411423
411421
231202
231201
231200
132902
411426
132903
132900
411424
132901
411425
132904
132905
542500
542521
542522
542523
231223
542524
231222
542525
231221
542526
542527
132922
362301
132923
231226
362300
231225
132921
231224
362302
132926
132927
132924
132925
132930
132931
132928
132929
132934
132932
132933
542528
362325
362324
362327
362326
362321
362323
362322
362333
362332
362334
362329
362328
362331
362330
411481
411502
411503
411500
411501
231283
231282
231281
411526
542600
411527
411524
411525
411522
411523
411521
133002
133000
133001
411528
542621
542622
542623
133022
133023
133021
133026
133027
133024
133025
133030
362401
133031
362400
133028
133029
362402
542624
542625
542626
542627
362421
362423
362422
362429
362428
362431
362430
362425
362424
362427
362426
362433
362432
411602
411600
411601
133083
411622
411623
411621
542700
411628
411626
411627
411624
411625
362501
362500
362502
542721
542722
542723
542724
542725
542726
542727
362525
362524
362527
362526
362521
362523
362522
362532
362529
362528
362531
362530
411681
411702
411700
411701
510000
411726
411727
411724
411725
411722
411723
411721
411728
411729
362601
362600
362621
379005
379004
362623
379007
362622
379006
379001
379000
379003
379002
362629
362628
379012
362631
362630
379014
362625
379009
362624
379008
362627
379011
362626
379010
362637
362636
362638
362633
362632
362635
362634
510103
510102
510101
510100
510111
510108
510107
510106
510105
510104
510115
510114
510113
510112
510127
510126
510125
510124
510123
510122
510121
510120
510132
510131
510130
510129
510128
510183
510182
510181
510184
510203
510202
510201
510200
510215
510214
510213
510212
510211
510223
510222
510221
510220
510219
510218
510217
510216
510231
510230
510229
510228
510227
330000
510226
510225
510224
510232
133443
510283
510282
510281
510303
510302
510301
510300
510311
510304
330101
330100
330103
330102
510322
510321
510320
330109
330108
330111
330110
330105
330104
330107
330106
330125
330124
330127
330126
330121
330120
330123
330122
330181
330183
412100
330182
510403
510402
510401
510400
330185
510411
330184
510422
510421
510420
461268
330205
412126
330204
412127
412124
330206
412125
330201
412122
330200
412123
330203
330202
412121
330212
412132
412133
412130
412131
330211
412128
412129
330221
330220
330223
330222
330219
150000
330225
330224
330227
330226
510503
510502
510501
510500
330281
330283
412200
330282
412201
510504
330301
412222
330300
412223
330303
510525
330302
412221
510524
510523
510522
510521
412230
412231
412228
412229
412226
330305
330304
412227
412224
412225
412234
412232
412233
330325
330324
330327
330326
150102
330321
150103
330320
150100
330323
150101
330322
150104
150105
330329
330328
150122
150123
150120
150121
150124
150125
641657
330381
412300
330382
412301
510603
510602
510601
510600
510623
510622
510621
412326
412327
412324
412325
232103
330401
412322
232102
330400
412323
510626
232101
510625
232100
330402
412321
510624
445102
445103
445100
445101
330411
412328
412329
330421
330423
330422
330419
150202
232123
150203
232122
150200
232121
150201
150206
232127
330425
150207
232126
330424
150204
232125
150205
232124
232131
232130
232129
232128
445122
232132
445121
150222
150223
150220
150221
510683
510682
510681
510703
510702
510701
510700
330481
330483
412400
330482
510704
330501
412422
510727
330500
412423
510726
330503
510725
330502
412421
510724
510723
510722
510721
412430
330511
412428
232200
412429
412426
412427
412424
412425
445202
445203
445200
445201
150302
232223
330521
150303
232222
150300
232221
330523
150301
330522
232227
445222
232226
445223
150304
232225
232224
445221
232231
232230
232229
232228
510765
445224
510781
412502
412500
543578
412501
510802
510801
510800
510812
510811
510823
510822
510821
445281
412526
330604
412527
412524
412525
232303
330601
412522
232302
330600
412523
232301
330603
232300
330602
412521
510824
412534
445302
445303
412532
445300
232304
412533
445301
412530
412531
412528
412529
330621
330623
330622
150402
232323
150403
232322
150400
232321
150401
232327
330625
232326
330624
150404
232325
232324
232331
232330
232329
232328
445322
445323
232332
445321
150422
150423
150421
150426
150427
150424
150425
150430
150428
150429
510903
510902
510901
510900
330681
412602
330683
412600
330682
412601
510904
445381
330701
412622
429006
330700
412623
330703
429004
330702
412621
429005
429002
510923
429003
510922
429000
510921
429001
412630
232402
412631
232401
412628
232400
412629
412626
412627
412624
412625
330719
429021
412632
330725
330724
330727
330726
150502
232423
330721
232422
150500
232421
330723
150501
330722
232427
232426
232425
232424
232431
232430
330728
232429
232428
232433
232432
150522
150523
150521
150526
150524
150525
330781
412702
363548
330783
412700
330782
412701
511002
511001
511000
511011
330784
511023
511022
511021
412726
412727
412724
412725
511028
330801
412722
511027
232502
330800
412723
511026
232501
330803
511025
150581
232500
330802
412721
511024
642101
642100
412728
642103
412729
642102
330821
642121
330823
642123
330822
642122
642125
642124
642127
642126
150602
232523
232522
150600
232521
150601
232527
330825
232526
330824
232525
232524
232528
150622
150623
150621
150626
150627
150624
150625
511082
511081
511102
511101
511100
511111
330881
412800
412801
511113
511112
330901
412822
511127
330900
412823
511126
642200
330903
511125
330902
412821
511124
511123
511122
511121
232603
232602
232601
412828
511133
232600
412829
511132
412826
511131
412827
511130
412824
511129
412825
511128
642221
642223
642222
150702
232623
330921
150703
232622
150700
232621
150701
330922
232627
232626
232625
232624
642225
642224
642226
150722
150723
150721
150726
150727
150724
150725
511181
412902
412900
412901
511204
511203
511202
511201
511200
511223
511222
511221
412926
331004
412927
412924
412925
511228
150782
232703
331001
412922
511227
150783
232702
331000
412923
511226
232701
331003
511225
150781
232700
331002
412921
511224
150784
412932
150785
232704
412930
412931
412928
412929
331021
331023
331022
150802
232723
232722
150800
232721
150801
331024
232724
150822
150823
150821
150826
150824
150825
511303
511302
511301
511300
331081
413000
331082
413001
511304
331101
413022
331100
413023
511325
331102
413021
511324
511323
511322
511321
413028
413029
413026
413027
413024
413025
331125
331124
331127
331126
150902
331121
150900
331123
150901
331122
150922
150923
150921
150926
150927
150924
642439
150925
150928
511381
150929
511376
331181
511403
511402
511401
511400
511423
511422
511421
511425
150981
511424
151001
511503
511502
511501
511500
413203
511527
511526
511525
511524
511523
511522
511521
511529
511528
659002
659003
659000
659001
659006
659007
659004
659005
413247
511603
511602
511601
511600
511623
511622
511621
233102
233101
233100
626326
233123
233122
233121
233127
233126
233125
233124
233131
233130
233129
233128
511681
511703
511702
511701
511700
610000
511725
511724
511723
511722
511721
233200
233223
233222
233221
511781
610104
610111
511803
610101
511802
610100
642868
511801
610103
511800
610102
610121
610120
610123
610122
610125
610124
331584
610126
511823
610113
511822
610112
511821
610115
610114
610117
610116
511827
511826
511825
511824
610201
610200
610203
610202
610204
511903
511902
511901
511900
610221
610220
610222
331695
511923
511922
430000
511921
610301
610300
610303
610302
512002
512001
512000
610304
430102
610329
430103
512022
610328
430100
512021
610331
430101
610330
512020
643100
610321
430111
610320
610323
610322
610325
610324
430104
610327
430105
610326
430112
430124
430122
430123
430120
430121
643121
512081
430181
512100
610401
610400
610403
610402
610404
610425
610424
610427
610426
610429
610428
610431
610430
512127
512126
430204
512125
512124
430202
512123
610421
430203
512122
430200
512121
610423
430201
610422
512132
512131
430211
512130
512129
512128
430222
430223
430220
430221
430219
430224
430225
610481
610501
610500
512201
430281
512200
610502
610521
610523
610522
610525
610524
610527
610526
430302
512223
430303
512222
430300
512221
430301
512231
430311
512230
233698
512229
512228
430306
512227
512226
430304
512225
430305
512224
610528
512237
512236
512235
512234
430312
512233
512232
430322
430321
430353
610581
610582
610601
610600
610602
430382
512302
512301
430381
512300
610621
610623
610622
332101
430406
512327
332100
430407
512326
610632
430404
512325
332102
430405
512324
430402
512323
430403
512322
430400
512321
430401
610625
610624
430412
610627
610626
610629
430411
512330
610628
430408
512329
610631
512328
610630
430422
430423
430421
430419
332125
332124
332127
332126
332121
430426
430427
332123
430424
332122
430425
332128
610701
610700
610702
430482
512402
512401
430481
512400
610718
430502
512423
610729
430503
512422
610728
414119
430500
512421
430501
610730
512431
610721
430511
512430
512429
610723
512428
610722
512427
610725
332200
512426
610724
430504
512425
610727
512424
610726
512436
512435
512434
512433
512432
332221
430526
430527
332223
430524
332222
430525
430522
430523
430521
332225
332224
332227
430528
332226
430529
512502
512501
430581
512500
610801
610800
610802
610825
610824
610827
610826
610829
610828
610831
610830
332301
512527
332300
512526
512525
512524
430602
512523
610821
430603
512522
430600
512521
610823
430601
610822
512535
512534
512533
512532
512531
430611
512530
512529
512528
430622
430623
430621
332324
152102
332321
430626
152103
152100
332323
430624
152101
332322
430625
152106
152104
152105
152122
152123
152121
152126
152127
152124
152125
152130
152131
152128
152129
430682
610901
610900
512601
430681
512600
610902
610921
610923
610922
610925
610924
610927
610926
430702
512623
430703
512622
430700
512621
430701
512631
512630
512629
512628
332401
512627
332400
512626
512625
332402
512624
610929
610928
512634
512633
512632
332421
430726
430727
332423
430724
332422
430725
430722
430723
430721
152202
332429
332428
152200
332431
152201
332430
332425
332424
332427
332426
152222
152223
152221
152224
611001
611000
611002
430781
512700
611021
611023
611022
332501
512727
332500
512726
512725
332502
512724
430802
512723
512722
430800
512721
430801
611025
611024
512732
611026
512731
430811
512730
512729
512728
430822
430821
332525
332524
332527
332526
152302
332521
152300
332523
152301
332522
332529
332528
152322
152323
152321
152326
152327
152324
152325
512801
512800
430902
512823
430903
512822
430900
512821
430901
512831
332604
512830
430911
512829
512828
332601
512827
332600
512826
332603
512825
332602
512824
512837
512836
512835
512834
512833
512832
332621
332623
332622
430922
430923
430921
152400
152401
332625
332624
332627
332626
152422
152423
152421
152426
152427
152424
152425
152430
152428
152429
512903
512902
512901
430981
512900
512927
332700
512926
512925
512924
431002
512923
431003
512922
431000
512921
431001
512932
512931
512930
512929
512928
431022
431023
431021
332724
431028
152502
332721
431026
431027
152500
332723
431024
152501
332722
431025
152522
152523
152521
152526
152527
152524
152525
152530
152531
152528
152529
513003
513002
513001
431081
513000
431102
513023
431103
513022
431100
513021
431101
513031
513030
513029
513028
513027
513026
513025
513024
513032
431126
431127
431124
431125
431122
431123
431121
152602
152600
152601
431128
431129
152622
152623
152621
152626
152627
152624
152625
152630
152631
152628
152629
152634
152632
152633
513101
513100
513127
513126
513125
513124
431202
513123
513122
431200
513121
431201
545888
513128
431222
431223
431221
545919
431230
431228
431229
431226
431227
152700
431224
152701
431225
152722
152723
136336
152721
152726
152727
152724
152725
152728
431281
513200
431302
513223
120000
513222
431300
513221
431301
513231
513230
513229
513228
513227
513226
513225
513224
513233
513232
431322
431321
152800
152801
152822
152823
152821
152826
152827
152824
152825
152830
152831
152828
152829
152834
152832
152833
431382
513301
431381
513300
120101
120100
120103
120102
120105
513327
120104
513326
120107
513325
120106
513324
120109
513323
120108
513322
120111
513321
120110
120113
513335
120112
513334
120115
513333
120114
513332
513331
120117
120116
513330
513329
513328
120118
513338
513337
513336
152900
152922
152923
152921
710000
513401
513400
513423
120200
513422
513421
513431
513430
513429
513428
513427
513426
513425
513424
513439
513438
513437
513436
120221
513435
513434
120223
513433
120222
513432
120225
120224
513500
513525
513524
513523
513522
513521
513601
513600
513623
513622
513621
530000
513624
317086
513701
513700
530111
513723
530100
513722
530101
513721
530102
530103
530120
530121
530122
530123
530124
530125
530126
530127
530112
530113
530114
530128
530129
612101
530181
612100
612103
513800
612102
530200
612121
530201
612123
612122
612125
612124
612127
612126
513823
513822
513821
513826
513825
513824
612129
612128
612131
612130
612133
612132
350000
612201
612200
513902
513901
513900
530300
612221
530301
530302
612223
612222
219003
219002
219001
219000
219007
219006
219005
219004
612233
612232
513922
513921
612225
612224
612227
612226
612229
612228
612231
612230
350101
530328
350100
350103
350102
530321
350111
530322
530323
350105
530324
350104
530325
530326
530327
350125
350124
350127
350126
350121
350120
350123
350122
350128
612301
530381
612300
350181
612329
612328
432100
350182
612330
530400
612321
530401
530402
612323
612322
612325
612324
612327
612326
530424
530425
530426
530427
530428
350205
432126
350204
432127
432124
350206
432125
350201
432122
350200
432123
530421
350203
530422
350202
432121
530423
350213
350212
350211
350221
350220
415780
612401
612400
612425
612424
612427
612426
612429
612428
612430
530500
612421
530501
432200
530502
612423
432201
612422
530521
530522
530523
530524
612447
350301
432222
350300
432223
350303
350302
432221
350305
432226
350304
432224
432225
350321
350322
612501
612500
530581
530600
612521
530601
530602
612523
612522
612525
612524
612527
612526
432302
432300
432301
530621
530622
530623
432326
432324
432325
350401
432322
350400
432323
350403
350402
432321
530624
530625
530626
530627
530628
530629
530630
350421
350420
350423
350422
350429
350428
350430
350425
350424
350427
350426
612601
612600
530700
612621
530701
530702
612623
612622
612633
612632
350481
432402
432400
432401
612625
612624
612627
612626
612629
612628
612631
612630
350501
432422
350500
432423
350503
350502
432421
530721
432428
530722
530723
350505
432426
530724
350504
432427
432424
432425
350525
350524
350527
350526
350521
350523
350522
612701
612700
350581
432502
612729
432503
612728
350583
432500
612731
350582
432501
612730
612732
530800
612721
530801
530802
612723
612722
612725
612724
612727
612726
530824
530825
530826
530827
530828
530829
530816
432524
432525
350601
432522
350600
432523
530821
350603
530822
350602
432521
530823
350621
350623
350622
350619
350629
350628
350625
350624
350627
350626
350681
530900
530901
432600
530902
530921
530922
530923
530924
530925
530926
530927
350701
432622
350700
432623
350703
350702
432621
449000
449001
432626
432627
432624
432625
350725
350724
350721
350723
350722
350781
350783
432700
350782
350784
432726
432727
432724
432725
350801
432722
350800
432723
350803
350802
432721
350821
350823
350822
350825
350824
154231
350881
432802
432800
432801
350901
432822
350900
432823
350902
432821
350909
432830
432831
432828
432829
432826
432827
432824
432825
350925
350924
350926
350921
350923
350922
350981
432902
432900
350982
432901
432926
432927
432924
432925
432922
432923
432921
432930
432928
432929
220000
433002
433000
433001
433022
433023
433021
433030
433031
433028
433029
433026
433027
433024
433025
613279
220103
220102
220101
220100
433102
220106
220105
433100
220104
433101
220111
220113
220112
220123
220122
220121
220120
220125
220124
433126
433127
433124
433125
433122
433123
433121
433130
433128
433129
220183
220182
220181
810000
220203
220202
220201
220200
220205
220204
220211
220223
220222
220221
220220
220226
220225
220224
220283
220282
220281
220284
220303
220302
220301
220300
220319
220323
220322
220321
220324
220382
220381
220403
220402
220401
220400
630000
220422
220421
630105
630104
220498
220503
220502
220501
630111
220500
466256
630101
630100
630103
630102
630121
630120
630123
630122
220519
220523
220522
220521
220524
220582
220581
630201
630200
630203
630202
220603
220602
220601
220600
220605
220604
630221
630223
630222
220623
220622
220621
220625
220624
450000
630225
630224
220681
220702
220701
220700
220723
450102
220722
450103
220721
450100
450101
220724
450110
450111
450108
450109
450106
450107
450104
450105
450126
450127
450124
450125
450122
450123
450121
220781
220802
220801
220800
532100
532101
532121
532122
532123
532124
220822
532125
220821
532126
532127
450204
450205
450202
450203
450200
450201
450211
450222
532128
450223
532129
532130
450221
532131
450226
450224
450225
220882
220881
532200
532201
532202
532221
532222
532223
450302
139002
450303
139000
450300
139001
450301
532232
450311
532233
450304
450305
532224
532225
532226
532227
532228
532229
450312
532230
532231
450326
450327
450324
450325
450322
450323
450320
450321
450332
450330
450331
450328
450329
155438
532300
532301
352101
450406
532328
352100
532329
352103
450404
532330
352102
450405
532331
450402
450403
450400
450401
532321
532322
532323
352105
532324
352104
450411
532325
532326
532327
450422
450423
450421
352125
352124
352127
352126
352121
352123
352122
352129
352128
450481
532400
532401
450502
532424
450503
532425
450500
532426
450501
532427
532428
532429
450511
352201
352200
532421
352203
450504
532422
352202
532423
450512
352221
810965
352223
352222
450525
450521
352229
352228
352231
352230
352225
352224
352227
352226
122873
532504
450582
532500
532501
532502
532503
532521
532522
532523
532524
532525
532526
532527
352300
450602
450603
450600
450601
450622
532528
532529
532530
450621
532531
532532
352325
352324
352327
352326
352321
352323
352322
532600
532601
155763
450681
532621
532622
532623
450702
450703
450700
450701
352401
352400
532624
532625
532626
532627
532628
352421
352423
352422
450722
450721
352425
352424
352427
352426
532700
532701
352501
532728
352500
532729
450804
532730
450802
450803
450800
450801
532721
532722
532723
532724
532725
532726
532727
450821
352525
352524
352527
352526
352521
352523
352522
352529
352528
500000
450881
532800
532801
450902
450903
450900
450901
352601
352600
532821
532822
352602
532823
352621
352623
450924
352622
450922
450923
450921
352625
352624
352627
352626
500103
500102
500101
500100
500111
500110
500109
500108
500107
500106
500105
500104
500119
500118
500117
500116
500115
500114
500113
500112
500120
450981
532900
532901
500151
532921
532922
532923
532924
532925
532926
532927
352701
352700
451002
451000
500153
451001
500152
451022
532928
451023
532929
532930
451021
532931
532932
352725
451030
352724
451031
352727
451028
352726
451029
352721
451026
451027
352723
451024
352722
451025
352729
352728
352730
500200
500223
500222
500221
500231
533000
500230
533001
500229
500228
320000
500227
500226
500225
500224
500239
500238
500237
500236
500235
500234
500233
500232
451081
500243
500242
533021
500241
533022
500240
533023
451102
451100
451101
533024
451119
533025
451122
451123
451121
123456
500300
320100
320101
320102
320103
533100
533101
533102
533103
320111
320104
320105
320106
320107
320116
320117
320118
320112
320113
320114
320115
320124
320125
320120
320121
320122
320123
451202
451200
451201
533121
533122
533123
533124
533125
533126
451222
451223
451221
500383
500382
451228
500381
451229
451226
451227
451224
451225
500384
320204
320205
320206
320200
320201
320202
320203
320212
320211
451281
533200
320221
320222
320223
320219
451302
533224
336613
140000
451300
451301
533221
533222
533223
451324
336639
451322
451323
451321
320281
320282
320283
320300
320301
320302
320303
320311
451381
320304
320305
320312
533300
320324
320325
533321
320326
533322
533323
140102
533324
140103
320321
533325
140100
320322
140101
320323
140106
140107
140104
140105
140110
451402
140111
140108
451400
140109
451401
140112
140113
140122
451422
140123
451423
140120
140121
451421
451424
451425
320381
320382
320404
533400
320405
533401
320400
222102
320401
222101
320402
140181
222100
320403
320412
320413
320411
451481
320421
320422
320423
533421
533422
533423
140202
222123
140203
222122
140200
222121
140201
222125
222124
140211
140212
140222
140223
140221
140226
140227
140224
140225
320481
320482
320483
320500
320501
320502
320503
533500
320508
222202
320509
222201
222200
320511
320504
320505
320506
320507
320524
320525
140302
222223
320520
140303
222222
320521
140300
222221
320522
140301
320523
222227
533528
222226
222225
222224
140311
222228
533521
533522
533523
533524
533525
533526
533527
140322
140321
320581
320582
320583
320584
320585
320586
222303
320600
222302
320601
222301
320602
222300
320612
222304
320611
320621
320622
320623
140402
222323
222322
140400
222321
140401
222327
320624
222326
320625
222325
320626
222324
140411
222328
140422
140423
140421
140426
140427
140424
140425
140430
140431
140428
140429
320684
320681
320682
320683
222391
320700
419006
320701
320702
419004
320703
419005
419002
419003
419000
419001
222403
222402
222401
140481
222400
320704
222406
320705
222405
320706
222404
320707
320724
140502
222423
222422
320721
140500
222421
320722
140501
320723
222426
222425
222424
140511
140522
140523
140521
140524
140525
320804
320800
320801
320802
140581
320803
140587
632100
320811
632121
320820
320821
320822
632123
320823
632122
632125
632124
632127
632126
320819
140602
320828
140603
320829
140600
320830
140601
320831
320824
320825
320826
320827
632128
140622
140623
140621
140624
370000
320881
320882
320900
320901
632200
320902
320903
222600
320911
320904
320919
632221
632223
632222
239003
320924
239002
320925
239001
320926
239000
320927
140702
239006
320921
632212
140700
239005
320922
140701
239004
320923
320928
632224
140722
370101
140723
370100
370103
140721
370102
140726
140727
140724
140725
140728
370111
140729
370105
370104
370113
370112
370125
370124
370126
370121
370120
370123
370122
320981
320982
632300
321000
321001
321002
140781
222700
321003
321012
321011
321020
321021
321022
321023
321019
140802
321028
370181
321029
140800
452100
140801
452101
321024
321025
321026
321027
632321
632323
632322
632324
140822
140823
140821
140826
370205
452126
140827
370204
452127
140824
452124
140825
370206
452125
140830
370201
452122
370200
452123
140828
370203
140829
370202
452121
370213
370212
452132
370214
452133
370209
452130
370208
452131
370211
452128
452129
370221
370220
370223
370222
370231
370230
370225
370224
370226
321084
321085
321086
321087
321081
321082
321083
321088
321100
321101
321102
140882
140881
321111
632400
321119
321112
321124
140902
321121
140900
321122
140901
321123
370285
370284
370281
632421
370283
452200
370282
452201
140922
370301
452222
140923
370300
452223
370303
140921
370302
452221
140926
140927
140924
140925
140930
452230
140931
452231
140928
452228
140929
452229
370305
452226
370304
452227
140932
452224
370306
452225
370321
370323
370322
321181
321182
321183
321204
321200
321201
321202
140981
321203
632500
632521
632523
632522
632525
632524
141002
141000
452300
141001
141022
141023
141021
141026
370405
452326
141027
370404
452327
141024
452324
141025
370406
452325
141030
370401
452322
141031
370400
452323
141028
370403
141029
370402
452321
141034
141032
452332
141033
452330
452331
452328
452329
370421
370420
321284
321281
321282
321283
321300
321301
632600
321302
141082
141081
321311
632621
632623
632622
321324
141102
321321
141100
321322
141101
321323
370481
452402
452400
632625
632624
632626
141122
370501
452422
141123
370500
452423
370503
141121
370502
452421
141126
141127
141124
141125
141130
141128
452428
141129
452426
452427
452424
452425
370521
370523
370522
632701
632700
141182
223101
141181
223100
223123
452502
223122
452503
223121
452500
452501
223127
223126
223125
223124
632721
223129
632723
223128
632722
632725
632724
812945
452504
632726
370605
452526
370604
452527
452524
452525
370601
452522
370600
452523
370602
452521
370613
370612
370611
452528
370621
370620
370623
370622
370629
370628
370631
370630
370625
370624
370627
370626
370633
370632
370634
632801
632800
632803
632802
632804
632825
632824
632826
370685
370684
370687
370686
370681
632821
370683
452600
632823
370682
452601
632822
370701
452622
469007
370700
452623
469006
370703
469005
370702
452621
469004
469003
469002
469001
469000
452630
452631
452628
452629
370705
452626
370704
452627
452624
452625
469023
469022
370719
469021
452632
370725
469031
370724
469030
370727
469029
370726
469028
370721
469027
469026
370723
469025
370722
469024
469039
469038
469037
469036
370729
469035
370728
469034
469033
469032
370781
452702
370783
452700
370782
452701
370785
370784
370786
452726
452727
452724
321654
452725
370801
452722
370800
452723
370802
452721
370812
452730
452731
370811
452728
452729
370821
370823
370822
370819
370829
370828
370831
370830
370825
370824
370827
370826
370832
501919
420000
370881
452802
370883
452800
370882
452801
370901
452822
370900
452823
370903
370902
452821
370911
452826
452824
452825
370919
370921
370920
370923
370922
420102
420103
420100
420101
420111
420106
420107
420104
420105
420116
420117
420114
420115
420112
420113
420124
420122
420123
420120
420121
370981
370983
370982
715059
371001
371000
371003
371002
371021
371022
534870
420204
420205
420202
420203
420200
420201
420211
420222
420220
420221
371081
371083
371082
371101
371100
371103
371102
371121
371122
420281
420302
420303
420300
420301
420304
420324
420325
420322
420323
420321
502255
371201
371200
371203
371202
420381
322100
420400
322124
322125
322126
322127
322121
322122
322123
322128
371301
371300
371302
371311
371312
371325
371324
371327
371326
371321
371323
371322
371329
371328
420502
420503
420500
420501
322200
420506
322201
420504
420505
420526
322221
420527
322222
420524
322223
420525
420522
420523
420521
322228
322229
322230
322231
322224
322225
322226
420528
322227
420529
322232
371401
371400
371403
371402
371421
371423
371422
420582
371428
420583
420581
371425
371424
371427
371426
322300
420606
420607
420604
420605
420602
420603
420600
420601
420622
420623
420620
420621
420619
322324
322325
322326
322327
420626
322321
142100
322322
420624
322323
420625
650000
322328
371481
371482
142122
371501
142123
371500
142121
371502
142126
142127
142124
142125
142130
142131
142128
142129
142132
142133
371525
371524
371526
371521
371523
371522
420684
420682
420683
420681
420702
420703
420700
420701
519004
519003
519002
519001
519000
420709
322400
322401
322402
420704
650105
322421
650104
322422
650107
322423
650106
650109
650108
142202
322428
371581
322429
142200
142201
322424
650101
322425
650100
322426
650103
322427
650102
650121
650120
142222
142223
142221
142226
142227
142224
142225
142230
371601
142231
371600
142228
371603
142229
371602
142234
142232
142233
371621
371623
371622
371625
371624
371626
322500
420804
420802
420803
420800
420801
420814
420822
650201
650200
650203
420821
650202
650205
650204
322524
322525
322526
142302
142303
322521
142300
322522
142301
322523
142322
371701
142323
371700
142321
371702
142326
142327
142324
142325
142330
142331
142328
142329
142332
142333
371725
371724
371727
371726
371721
371723
371722
371728
420881
420902
633897
420903
420900
420901
322600
322601
650300
339005
322621
339004
322622
339007
420924
322623
339006
339001
420922
339000
420923
339003
339002
420921
142402
322628
322629
142400
322630
142401
322624
339009
322625
339008
322626
339011
322627
339010
142422
142423
142421
142426
142427
142424
142425
142430
142431
142428
142429
142432
142433
420982
420983
420981
420984
322700
421004
421002
421003
421000
421001
421022
421023
421021
322724
322725
322726
322727
322721
142500
322722
421024
142501
322723
650400
650402
322728
142522
142523
142521
142526
650421
142527
142524
142525
650422
142530
142531
142528
142529
142534
142535
142532
142533
126153
142536
421086
421087
421084
421085
421082
421083
421081
421102
421100
421101
421126
421127
421124
421125
421122
421123
421121
142602
142603
142600
142601
142622
142623
142621
142626
142627
142624
142625
142630
142631
142628
142629
142634
142635
142632
142633
814375
142636
421182
421181
421202
421200
421201
421222
421223
421221
142702
142703
142700
421224
142701
142722
372101
142723
372100
142721
372102
142726
142727
142724
142725
142730
142731
142728
142729
142732
142733
372125
372124
372127
372126
372121
372123
372122
372133
372132
372134
372129
372128
372131
372130
421281
421302
110000
421303
421300
421301
142782
142781
421321
372201
372200
372221
372223
372222
372229
372228
372231
372230
421381
372225
372224
372227
372226
372232
372247
110101
110100
110103
110102
110105
110104
110107
110106
110109
110108
110111
110110
110113
110112
110115
110114
110117
110116
372301
372300
372325
372324
372327
372326
372321
372323
372322
372332
372329
372328
372331
372330
110200
110221
110223
110222
110225
110224
110227
110226
110229
110228
372401
372400
372403
372402
372421
372423
372422
372429
372428
372431
372430
372425
372424
372427
372426
372433
372432
372501
372500
372502
372525
372524
372527
372526
372521
372523
372522
372533
372532
372535
372534
372528
372531
372530
372536
520000
372601
372600
372603
372602
372621
372623
372622
372629
372628
372630
372625
372624
372627
372626
520103
520102
520101
520100
520111
520115
520114
520113
520112
520123
520122
520121
372701
372700
372725
372724
372727
520181
372726
372721
372723
372722
372732
372729
372728
372731
372730
520204
520203
520202
520201
520200
520222
520221
340000
372801
372800
372802
372821
372823
372822
372829
372828
372831
372830
372825
372824
372827
372826
372833
372832
520303
520302
520301
520300
340101
520327
340100
520326
340103
520325
340102
520324
520323
520322
520321
340111
340104
520330
520329
520328
340124
340121
340120
340123
340122
372901
372900
422070
372925
372924
520382
372927
520381
372926
372921
372923
372922
372929
372928
372930
340181
422102
422103
422100
422101
520403
520402
520401
520400
520423
520422
520421
340205
422126
340204
422127
340207
422124
340206
422125
340201
422122
340200
422123
340203
520425
340202
422121
520424
422130
340208
422131
340211
422128
422129
340221
340220
340223
340222
340225
340224
520502
520501
520500
422204
422202
422203
422200
422201
340301
422222
520527
340300
422223
520526
340303
520525
340302
422221
520524
520523
520522
520521
340311
422228
422226
340304
422227
422224
422225
340321
340323
340322
373103
422302
422300
422301
520603
520602
520601
520600
520623
520622
520621
340405
422326
340404
422327
422324
340406
422325
520628
340401
422322
520627
340400
422323
520626
340403
520625
340402
422321
520624
340421
340420
520688
422406
422407
422404
422405
422402
422403
422400
422401
340501
422422
340500
422423
340503
340502
422421
422430
422431
422428
422429
340505
422426
340504
422427
422424
340506
422425
422432
340521
340523
340522
422502
422500
422501
422526
340604
422527
422524
422525
340601
422522
340600
422523
340603
340602
422521
422528
340621
340620
422600
422601
340701
422622
340700
422623
340703
439004
340702
422621
439005
439002
439003
439000
439001
340711
422626
340704
422627
422624
422625
340721
340720
815865
422702
422700
422701
422726
422727
422724
422725
340801
422722
340800
422723
340803
340802
422721
652101
652100
340811
422728
422729
340821
652121
340823
652123
340822
652122
340828
340825
340824
340827
340826
111460
340881
422802
422800
422801
422822
652201
340901
340900
422823
652200
422821
422828
422826
422827
422824
422825
652221
652223
652222
422900
652301
652300
652303
652302
341004
341001
341000
341003
341002
422921
341021
341023
341022
521240
652328
341024
652321
652323
652322
652325
652324
652327
816162
652326
210000
341101
341100
341103
341102
652401
652400
652402
341125
652425
341124
652424
341127
652427
341126
652426
341121
652428
341123
341122
652421
652423
652422
210103
210102
210101
210100
341181
210106
210105
210104
341182
210111
210114
210113
210112
816330
210123
210122
210121
210120
210124
341204
341201
341200
341203
341202
652501
652500
341221
652521
341223
652523
341222
652522
652525
652524
652527
652526
341225
341224
341227
341226
210181
210203
210202
210201
210200
210204
210211
341281
210213
210212
341282
210219
210223
210222
210221
210220
341301
652601
341300
652600
210225
210224
341302
652621
652623
652622
341324
341321
341323
341322
652625
652624
652627
652626
210283
210282
210281
210303
210302
210301
210300
210304
210311
210319
210323
210322
210321
210320
652701
652700
652702
341401
341400
341402
341421
341423
341422
341424
652721
652723
652722
210381
210403
210402
210401
210400
210404
210411
620000
210423
210422
210421
210420
341501
341500
341503
341502
652801
652800
341525
652825
341524
652824
652827
652826
341521
652829
652828
341523
341522
652821
652823
652822
620105
620104
210503
210502
210501
620111
210500
210505
210504
210511
620101
620100
620103
620102
620121
620120
620123
620122
620113
210522
620112
210521
210520
341601
341600
341602
652901
652900
341621
652921
341623
652923
341622
652922
652925
652924
652927
652926
652929
652928
620201
620200
620202
210603
210602
210601
210600
210604
210623
210622
210621
210620
341701
653001
341700
653000
210624
341702
440005
440000
653021
653023
653022
341721
341723
341722
653024
210682
210681
620301
620300
620302
210703
210702
210701
210700
210705
210704
210711
210719
210723
440102
210722
440103
210721
440100
210720
440101
210727
653101
210726
653100
210725
210724
620321
440111
620320
341801
440106
341800
440107
440104
341802
440105
440118
440116
440117
440114
440115
440112
440113
341821
440126
440127
341823
440124
341822
440125
440122
440123
440120
440121
653129
653128
653131
653130
341825
341824
440128
653121
653123
653122
653125
653124
653127
653126
210782
210781
210803
440182
522103
210802
440183
522102
210801
522101
210800
440181
522100
210804
210811
620401
620400
620403
620402
341881
440184
210812
210823
620429
210822
210821
210820
522127
522126
440204
522125
210824
440205
522124
440202
522123
620421
440203
522122
440200
522121
620423
440201
620422
522132
522131
522130
522129
522128
440222
653201
440223
653200
440220
440221
440230
653225
440231
653224
440228
653227
440229
653226
440226
440227
440224
440225
653221
440232
653223
440233
653222
210882
210881
210903
210902
210901
210900
210905
210904
210911
440282
620501
620500
522201
620503
440281
522200
620502
620521
620523
620522
620525
620524
522223
210922
440303
522222
210921
440300
522221
210920
440301
522230
440308
522229
522228
440306
522227
440307
522226
440304
522225
440305
522224
440320
440321
620601
620600
620602
211003
211002
211001
522301
211000
522300
211005
211004
211011
620621
620623
620622
211022
211021
211020
342101
522327
342100
440407
522326
342103
440404
522325
342102
522324
440402
522323
440403
522322
440400
522321
440401
522328
440421
342125
342124
342127
342126
342121
342123
342122
342129
342128
342130
211081
620701
620700
620702
211103
211102
211101
211100
522401
522400
440502
522423
211122
440503
522422
211121
440500
522421
440501
440510
620721
440511
440508
620723
440509
522428
620722
342201
440506
522427
620725
342200
440507
522426
620724
440504
522425
440505
522424
440514
440515
440512
440513
342221
440526
440527
342223
440524
342222
440525
440522
440523
440520
440521
342228
342225
342224
342227
440528
342226
211203
440582
211202
440583
522502
211201
522501
211200
440581
522500
211204
620801
620800
620802
620825
620824
620826
211223
211222
211221
342301
440606
522527
211226
342300
440607
522526
211225
440604
522525
211224
440605
522524
440602
522523
620821
440603
522522
440600
522521
620823
440601
620822
522530
440608
522529
522528
440622
440623
440620
440621
342325
342324
342327
342326
342321
342323
440624
342322
211282
211281
211303
211302
211301
211300
440684
440682
620901
440683
620900
522601
440681
522600
620902
620921
620923
620922
211319
620924
211323
440702
522623
211322
440703
522622
211321
440700
522621
440701
211326
211325
211324
522631
440711
522630
522629
522628
342401
522627
342400
522626
440704
522625
440705
522624
522636
522635
522634
522633
522632
342421
440726
440727
342423
440724
342422
440725
440722
440723
440721
342425
342424
342427
342426
211382
211381
620981
620982
621001
621000
621002
211403
440782
211402
440783
522702
211401
522701
211400
440781
522700
211404
621021
440784
621023
440785
621022
211422
211421
342501
522727
342500
522726
440804
522725
342502
522724
440802
522723
440803
522722
440800
522721
440801
621025
621024
621027
522732
621026
522731
440811
522730
522729
522728
440822
440823
440821
342525
342524
342527
342526
342521
342523
440824
342522
440825
342529
342528
342531
342530
211481
621101
621100
621102
440882
440883
440881
506431
440902
440903
440900
440901
621121
621123
621122
342601
621125
342600
621124
440904
621126
342621
342623
440924
342622
359001
440922
359000
440923
359002
440921
342625
342624
342626
440982
440983
440981
621201
621200
621202
621225
621224
621227
621226
621228
342701
342700
621221
441000
621223
441001
621222
441012
654001
654000
654003
654002
654004
342725
654025
342724
654024
342727
654027
342726
654026
342721
654028
342723
342722
654021
342728
654023
654022
310000
342800
654101
654100
342821
654121
342823
654123
342822
654122
654125
654124
654127
654126
342829
342828
342830
342825
342824
342827
342826
654128
211788
310100
310101
310102
310103
310108
310109
310110
310111
310104
310105
310106
310107
310116
310117
310118
310119
310112
310113
310114
310115
310120
342901
654201
342900
654200
441204
654202
441202
441203
441200
441201
441222
441223
441221
654221
654223
654222
441230
441228
441229
342921
441226
441227
342923
441224
342922
441225
654225
654224
654226
310200
441284
441282
441283
441281
310221
310222
310223
310228
441302
130000
310229
441303
310230
441300
441301
310224
654301
310225
654300
310226
310227
441324
441322
441323
441321
654321
654323
654322
654325
654324
654326
441381
130101
130100
130103
130102
130105
130104
130107
130106
130109
441402
130108
441403
130111
441400
130110
441401
130121
441422
441423
130123
130122
441421
130125
130124
130127
130126
130129
130128
130131
130130
130133
441426
130132
441427
441424
441425
130181
212102
130183
212101
130182
212100
130185
130184
441481
130201
212123
441502
130200
212122
130203
212121
441500
130202
441501
130205
130204
212126
130207
212125
130206
212124
130209
130208
130221
130223
130222
130225
130224
130227
130226
130229
441522
130228
441523
130230
441521
130281
130283
212201
130282
212200
441581
130301
212223
130300
212222
130303
212221
130302
130305
130304
212226
212225
212224
130306
441602
441600
441601
441611
130321
441622
441623
130323
130322
441621
130324
441624
441625
130401
441702
130400
441703
130403
441700
130402
441701
130405
130404
130406
540000
441704
130421
130423
130422
130425
130424
130427
130426
130429
441722
130428
441723
130431
130430
441721
130433
130432
130435
130434
130481
441781
130501
130500
130503
130502
130504
441802
540100
441803
540101
441800
540102
441801
540120
540121
540122
540123
540124
441811
540125
540126
540127
130521
441822
441823
130523
130522
441821
130525
130524
130527
130526
130529
130528
130531
130530
130533
441826
130532
441827
130535
441824
130534
441825
540128
540129
540130
540131
130581
130582
441882
622101
622100
622103
441881
622102
540200
622121
654889
540201
540202
622123
622122
622125
622124
622126
130601
130600
130603
441900
130602
441901
130605
130604
130607
130606
130609
130608
540221
540222
540223
130621
130623
130622
130625
540232
130624
540233
130627
540234
130626
540235
130629
540236
130628
360000
540237
130631
130630
130633
540224
130632
540225
130635
540226
130634
540227
130637
540228
130636
540229
540230
130638
540231
622201
622200
130681
130683
130682
130684
540300
622221
540301
540302
622223
622222
229003
229002
229001
229000
130701
130700
130703
229005
130702
229004
130705
130704
130707
130706
442000
442001
622225
622224
622226
130721
360101
540328
360100
540329
130723
360103
540330
130722
360102
130725
130724
130727
130726
130729
130728
540321
130731
360111
540322
130730
540323
130733
360105
540324
130732
360104
540325
540326
540327
360112
360124
360121
360120
360123
360122
622301
622300
130801
130800
130803
442100
130802
442101
130804
622321
540400
622323
540402
622322
622325
622324
622326
540424
540425
540426
130821
130823
130822
130825
442126
130824
442127
130827
442124
130826
442125
360201
442122
130828
360200
442123
540421
360203
540422
360202
442121
540423
360212
360211
442128
442129
360221
360222
622400
622425
622424
622427
622426
130901
622429
130900
622428
130903
130902
130904
360281
442202
622421
442200
622423
442201
622422
130921
360301
442222
360300
442223
130923
130922
360302
442221
130925
130924
130927
130926
130929
130928
360311
442228
130930
442229
442226
442227
442224
442225
360313
360312
360321
360323
360322
130981
130983
130982
130984
622501
622500
622521
622523
622522
622525
622524
622527
622526
131001
442302
131000
131003
442300
131002
442301
622529
622528
622531
622530
131021
131023
131022
131025
442326
131024
442327
131027
442324
131026
442325
360401
442322
131028
360400
442323
360403
360402
442321
442330
442331
442328
442329
360421
360423
360422
360429
360428
360430
360425
360424
360427
360426
622589